1530 4 0.212567
1529 4 0.235433
1528 4 0.267177
1527 4 0.295319
1526 4 0.337323
1525 4 0.368599
1524 4 0.417088
1523 4 0.455872
1522 4 0.523508
1521 4 0.560641
1520 4 0.638715
1519 4 0.686233
1518 4 0.794935
1517 4 0.836427
1516 4 0.955503
1515 4 1.012602
1514 4 1.186373
1513 4 1.223090
1512 4 1.407998
1511 4 1.463747
1510 4 1.742622
1509 4 1.941781
1508 4 2.052224
1507 6 2.314225
1506 4 2.518773
1505 4 2.987310
1504 2 2.948908
1503 2 3.421236
1502 0 3.637303
1501 1 4.744586
1430 4 0.192201
1429 4 0.219689
1428 4 0.245068
1427 4 0.278439
1426 4 0.315042
1425 4 0.346855
1424 4 0.393995
1423 4 0.434080
1422 4 0.496746
1421 4 0.539818
1420 4 0.611447
1419 4 0.664963
1418 4 0.769390
1417 4 0.813826
1416 4 0.932106
1415 4 0.994365
1414 4 1.163693
1413 4 1.206193
1412 4 1.388036
1411 4 1.457130
1410 4 1.734426
1409 4 1.751433
1408 4 2.038898
1407 4 2.092022
1406 4 2.544179
1405 4 2.868749
1404 2 2.969149
1403 2 3.329276
1402 0 3.674043
1401 1 4.591016
1330 1 0.169263
1329 1 0.196620
1328 1 0.217609
1327 1 0.252299
1326 1 0.275695
1325 1 0.317129
1324 1 0.352342
1323 1 0.401467
1322 1 0.455097
1321 1 0.494989
1320 1 0.567401
1319 1 0.619766
1318 1 0.717078
1317 1 0.767828
1316 1 0.876905
1315 1 0.944507
1314 1 1.112093
1313 1 1.146674
1312 1 1.336699
1311 1 1.403130
1310 1 1.683691
1309 1 1.688379
1308 1 1.986479
1307 1 2.044255
1306 1 2.517940
1305 1 2.431231
1304 1 2.918975
1303 1 2.913001
1302 1 3.711155
1301 2 4.186883
1230 6 0.197857
1229 4 0.214020
1228 6 0.252475
1227 4 0.274641
1226 4 0.322621
1225 4 0.346360
1224 4 0.402587
1223 4 0.441745
1222 4 0.507580
1221 4 0.572213
1220 4 0.620815
1219 4 0.712362
1218 4 0.772346
1217 4 0.901680
1216 4 0.946598
1215 4 1.098425
1214 4 1.159915
1213 4 1.397432
1212 4 1.391752
1211 4 1.669956
1210 4 1.700517
1209 4 2.117442
1208 4 2.014257
1207 6 2.482574
1206 4 2.446384
1205 4 3.178188
1204 2 2.864823
1203 2 3.677270
1202 0 3.480181
1201 1 4.833543
1130 6 0.184431
1129 6 0.192892
1128 6 0.235595
1127 4 0.249695
1126 4 0.298681
1125 4 0.319831
1124 6 0.379885
1123 4 0.409421
1122 4 0.485746
1121 4 0.513048
1120 4 0.600466
1119 4 0.655011
1118 4 0.756380
1117 4 0.853190
1116 4 0.916202
1115 4 1.054952
1114 4 1.137752
1113 4 1.340724
1112 4 1.380720
1111 4 1.620231
1110 4 1.687117
1109 4 2.080314
1108 4 2.000764
1107 6 2.454168
1106 4 2.449342
1105 4 3.156781
1104 2 2.860854
1103 2 3.649327
1102 0 3.515334
1101 1 4.825113
1030 6 0.165892
1029 6 0.168340
1028 6 0.215304
1027 6 0.219592
1026 6 0.277505
1025 6 0.287496
1024 6 0.355867
1023 4 0.375337
1022 4 0.452876
1021 4 0.476793
1020 4 0.571837
1019 4 0.608191
1018 4 0.730441
1017 4 0.756034
1016 4 0.892870
1015 6 0.968642
1014 4 1.125763
1013 4 1.271633
1012 4 1.347954
1011 4 1.559737
1010 4 1.673285
1009 4 1.995746
1008 4 2.001222
1007 6 2.389446
1006 4 2.444251
1005 4 3.106244
1004 0 2.852326
1003 2 3.575269
1002 0 3.550843
1001 1 4.802928
0930 6 0.141006
0929 6 0.138508
0928 6 0.189405
0927 6 0.188277
0926 6 0.248442
0925 6 0.250977
0924 6 0.322436
0923 4 0.328902
0922 6 0.417416
0921 4 0.426510
0920 4 0.535763
0919 4 0.561064
0918 4 0.686016
0917 4 0.705384
0916 4 0.860053
0915 4 0.897164
0914 4 1.097349
0913 4 1.104458
0912 4 1.322282
0911 6 1.421109
0910 4 1.675431
0909 4 1.895021
0908 4 1.978244
0907 6 2.296576
0906 4 2.463965
0905 4 2.974369
0904 2 2.881137
0903 2 3.405015
0902 0 3.586710
0901 1 4.744547
0830 6 0.103400
0829 6 0.104403
0828 6 0.149754
0827 4 0.146459
0826 6 0.205758
0825 4 0.202017
0824 6 0.281323
0823 4 0.275945
0822 6 0.371956
0821 4 0.373226
0820 4 0.483883
0819 4 0.491900
0818 4 0.624662
0817 4 0.629464
0816 4 0.808841
0815 4 0.830659
0814 4 1.030305
0813 4 1.032912
0812 4 1.281047
0811 4 1.308523
0810 4 1.634478
0809 4 1.595814
0808 4 1.940842
0807 6 2.021729
0806 4 2.476805
0805 4 2.834169
0804 2 2.884024
0803 2 3.272862
0802 0 3.622939
0801 1 4.590913
0730 1 0.051909
0729 1 0.063405
0728 1 0.091530
0727 1 0.097610
0726 1 0.142476
0725 1 0.148763
0724 1 0.217285
0723 1 0.213473
0722 1 0.302856
0721 1 0.289512
0720 1 0.409734
0719 1 0.394192
0718 1 0.560085
0717 1 0.529899
0716 1 0.722639
0715 1 0.696884
0714 1 0.925846
0713 1 0.885505
0712 1 1.201265
0711 1 1.178131
0710 1 1.515535
0709 1 1.442691
0708 1 1.875682
0707 1 1.840361
0706 1 2.405554
0705 1 2.203266
0704 1 2.808773
0703 1 2.694911
0702 1 3.659535
0701 2 4.186612
0630 6 0.059231
0629 6 0.085938
0628 6 0.105098
0627 6 0.148510
0626 6 0.157008
0625 6 0.222423
0624 6 0.224853
0623 6 0.327156
0622 6 0.302039
0621 6 0.444291
0620 6 0.391891
0619 6 0.582632
0618 6 0.516542
0617 6 0.777658
0616 6 0.674576
0615 6 0.991924
0614 4 0.873349
0613 6 1.251045
0612 6 1.083331
0611 6 1.601772
0610 4 1.444170
0609 4 2.000722
0608 4 1.735011
0607 6 2.457300
0606 4 2.199751
0605 4 3.128250
0604 2 2.577019
0603 2 3.617797
0602 2 3.175621
0601 1 4.832168
0530 6 0.002430
0529 6 0.002430
0528 6 0.017010
0527 6 0.023895
0526 6 0.063315
0525 6 0.094162
0524 6 0.144270
0523 6 0.207585
0522 6 0.227267
0521 6 0.318062
0520 6 0.323418
0519 6 0.460664
0518 6 0.455950
0517 6 0.672036
0516 6 0.588959
0515 6 0.867931
0514 6 0.761600
0513 6 1.142054
0512 6 1.011150
0511 6 1.528476
0510 4 1.307802
0509 4 1.888029
0508 6 1.581171
0507 6 2.406451
0506 4 2.124935
0505 4 3.079119
0504 2 2.473353
0503 2 3.562113
0502 2 3.162444
0501 1 4.821496
0430 0 0.000000
0429 0 0.000000
0428 0 0.000000
0427 0 0.000000
0426 0 0.000000
0425 0 0.000000
0424 6 0.008100
0423 6 0.008100
0422 6 0.049950
0421 6 0.072900
0420 6 0.169425
0419 6 0.253125
0418 6 0.338363
0417 6 0.479662
0416 6 0.467263
0415 6 0.648338
0414 6 0.660438
0413 6 0.953078
0412 6 0.913075
0411 6 1.365944
0410 4 1.124425
0409 6 1.646759
0408 6 1.491572
0407 6 2.275702
0406 4 1.975343
0405 4 2.970845
0404 2 2.268921
0403 2 3.418573
0402 2 3.131206
0401 1 4.793410
0330 0 0.000000
0329 0 0.000000
0328 0 0.000000
0327 0 0.000000
0326 0 0.000000
0325 0 0.000000
0324 0 0.000000
0323 0 0.000000
0322 0 0.000000
0321 0 0.000000
0320 0 0.000000
0319 0 0.000000
0318 6 0.027000
0317 6 0.027000
0316 6 0.144000
0315 6 0.220500
0314 6 0.444750
0313 6 0.660000
0312 6 0.752750
0311 6 1.044375
0310 6 0.906250
0309 6 1.254063
0308 6 1.372125
0307 6 2.021875
0306 4 1.774687
0305 4 2.694187
0304 2 2.012437
0303 2 3.035031
0302 4 3.066187
0301 1 4.719500
0230 0 0.000000
0229 0 0.000000
0228 0 0.000000
0227 0 0.000000
0226 0 0.000000
0225 0 0.000000
0224 0 0.000000
0223 0 0.000000
0222 0 0.000000
0221 0 0.000000
0220 0 0.000000
0219 0 0.000000
0218 0 0.000000
0217 0 0.000000
0216 0 0.000000
0215 0 0.000000
0214 0 0.000000
0213 0 0.000000
0212 6 0.090000
0211 6 0.090000
0210 6 0.405000
0209 6 0.660000
0208 6 1.145000
0207 6 1.650000
0206 4 1.540000
0205 4 2.091250
0204 2 1.670000
0203 2 2.327500
0202 4 2.991250
0201 2 4.525000
0130 0 0.000000
0129 0 0.000000
0128 0 0.000000
0127 0 0.000000
0126 0 0.000000
0125 0 0.000000
0124 0 0.000000
0123 0 0.000000
0122 0 0.000000
0121 0 0.000000
0120 0 0.000000
0119 0 0.000000
0118 0 0.000000
0117 0 0.000000
0116 0 0.000000
0115 0 0.000000
0114 0 0.000000
0113 0 0.000000
0112 0 0.000000
0111 0 0.000000
0110 0 0.000000
0109 0 0.000000
0108 0 0.000000
0107 0 0.000000
0106 6 0.300000
0105 6 0.300000
0104 6 1.100000
0103 4 1.950000
0102 4 2.900000
0101 4 3.875000
