0.212567 3
0.121539 0
0.235433 3
0.138148 0
0.267177 3
0.155065 0
0.295319 3
0.174903 0
0.337323 3
0.198147 0
0.368599 3
0.219835 0
0.417088 3
0.249890 0
0.455872 3
0.276516 0
0.523508 3
0.312880 0
0.560641 3
0.344650 0
0.638715 3
0.388431 0
0.686233 3
0.427855 0
0.794935 3
0.484654 0
0.836427 3
0.524160 0
0.955503 3
0.594027 0
1.012602 3
0.645913 0
1.186373 3
0.732151 0
1.223090 3
0.783097 0
1.407998 3
0.886836 0
1.463747 3
0.956001 0
1.742622 3
1.087717 0
1.941781 3
1.145138 0
2.052224 3
1.304455 0
2.314225 4
1.388522 0
2.518773 3
1.588770 0
2.987310 3
1.784261 0
2.948908 2
1.890516 0
3.421236 2
1.938288 0
3.637303 0
2.107172 0
4.744586 1
2.096631 0
0.192201 3
0.115681 0
0.219689 3
0.131902 0
0.245068 3
0.148705 0
0.278439 3
0.168438 0
0.315042 3
0.187968 0
0.346855 3
0.213349 0
0.393995 3
0.239373 0
0.434080 3
0.272380 0
0.496746 3
0.303297 0
0.539818 3
0.337600 0
0.611447 3
0.379250 0
0.664963 3
0.424369 0
0.769390 3
0.475984 0
0.813826 3
0.523020 0
0.932106 3
0.583935 0
0.994365 3
0.651966 0
1.163693 3
0.728071 0
1.206193 3
0.788711 0
1.388036 3
0.882066 0
1.457130 3
0.976860 0
1.734426 3
1.092206 0
1.751433 3
1.166153 0
2.038898 3
1.302267 0
2.092022 3
1.439648 0
2.544179 3
1.610705 0
2.868749 3
1.692541 0
2.969149 2
1.889281 0
3.329276 2
2.072227 0
3.674043 0
1.839492 0
4.591016 1
1.945081 0
0.169263 1
0.120571 0
0.196620 1
0.139219 0
0.217609 1
0.155120 0
0.252299 1
0.178936 0
0.275695 1
0.196870 0
0.317129 1
0.225553 0
0.352342 1
0.251801 0
0.401467 1
0.285986 0
0.455097 1
0.324879 0
0.494989 1
0.353694 0
0.567401 1
0.405278 0
0.619766 1
0.443931 0
0.717078 1
0.511884 0
0.767828 1
0.552213 0
0.876905 1
0.626893 0
0.944507 1
0.680255 0
1.112093 1
0.794071 0
1.146674 1
0.829430 0
1.336699 1
0.956554 0
1.403130 1
1.015477 0
1.683691 1
1.201829 0
1.688379 1
1.228858 0
1.986479 1
1.421361 0
2.044255 1
1.486234 0
2.517940 1
1.794808 0
2.431231 1
1.777273 0
2.918975 1
2.082213 0
2.913001 1
2.119107 0
3.711155 1
2.612936 0
4.186883 2
1.194156 0
0.197857 4
0.107502 0
0.214020 3
0.118776 0
0.252475 4
0.139012 0
0.274641 3
0.154542 0
0.322621 3
0.178628 0
0.346360 3
0.198888 0
0.402587 3
0.229723 0
0.441745 3
0.255049 0
0.507580 3
0.294130 0
0.572213 3
0.322369 0
0.620815 3
0.368379 0
0.712362 3
0.411470 0
0.772346 3
0.463343 0
0.901680 3
0.525971 0
0.946598 3
0.573290 0
1.098425 3
0.654100 0
1.159915 3
0.720090 0
1.397432 3
0.820060 0
1.391752 3
0.880855 0
1.669956 3
1.007422 0
1.700517 3
1.087436 0
2.117442 3
1.262697 0
2.014257 3
1.307723 0
2.482574 4
1.516906 0
2.446384 3
1.607966 0
3.178188 3
1.874570 0
2.864823 2
1.875298 0
3.677270 2
2.170770 0
3.480181 0
2.134287 0
4.833543 1
2.184417 0
0.184431 4
0.093340 0
0.192892 4
0.102241 0
0.235595 4
0.123844 0
0.249695 3
0.135104 0
0.298681 3
0.162418 0
0.319831 3
0.177662 0
0.379885 4
0.210537 0
0.409421 3
0.232710 0
0.485746 3
0.270711 0
0.513048 3
0.298600 0
0.600466 3
0.346603 0
0.655011 3
0.381878 0
0.756380 3
0.442242 0
0.853190 3
0.479201 0
0.916202 3
0.549400 0
1.054952 3
0.612572 0
1.137752 3
0.689315 0
1.340724 3
0.782488 0
1.380720 3
0.846104 0
1.620231 3
0.968226 0
1.687117 3
1.066226 0
2.080314 3
1.212714 0
2.000764 3
1.286879 0
2.454168 4
1.486498 0
2.449342 3
1.590915 0
3.156781 3
1.838567 0
2.860854 2
1.842073 0
3.649327 2
2.139940 0
3.515334 0
2.139393 0
4.825113 1
2.176098 0
0.165892 4
0.075668 0
0.168340 4
0.083015 0
0.215304 4
0.104304 0
0.219592 4
0.114946 0
0.277505 4
0.140684 0
0.287496 4
0.155609 0
0.355867 4
0.186269 0
0.375337 3
0.205564 0
0.452876 3
0.245223 0
0.476793 3
0.269019 0
0.571837 3
0.319473 0
0.608191 3
0.352436 0
0.730441 3
0.410150 0
0.756034 3
0.448870 0
0.892870 3
0.521834 0
0.968642 4
0.572195 0
1.125763 3
0.664884 0
1.271633 3
0.712410 0
1.347954 3
0.815002 0
1.559737 3
0.908322 0
1.673285 3
1.022199 0
1.995746 3
1.169985 0
2.001222 3
1.238158 0
2.389446 4
1.430455 0
2.444251 3
1.574548 0
3.106244 3
1.798190 0
2.852326 0
1.796602 0
3.575269 2
2.059869 0
3.550843 0
2.131238 0
4.802928 1
2.154205 0
0.141006 4
0.055859 0
0.138508 4
0.060775 0
0.189405 4
0.082866 0
0.188277 4
0.088738 0
0.248442 4
0.118244 0
0.250977 4
0.126716 0
0.322436 4
0.163980 0
0.328902 3
0.174281 0
0.417416 4
0.219269 0
0.426510 3
0.236512 0
0.535763 3
0.290873 0
0.561064 3
0.316166 0
0.686016 3
0.378766 0
0.705384 3
0.407716 0
0.860053 3
0.491604 0
0.897164 3
0.531505 0
1.097349 3
0.628691 0
1.104458 3
0.675673 0
1.322282 3
0.795302 0
1.421109 4
0.851057 0
1.675431 3
1.001083 0
1.895021 3
1.050434 0
1.978244 3
1.224940 0
2.296576 4
1.323510 0
2.463965 3
1.517970 0
2.974369 3
1.734829 0
2.881137 2
1.820803 0
3.405015 2
1.909802 0
3.586710 0
2.087970 0
4.744547 1
2.096592 0
0.103400 4
0.034373 0
0.104403 4
0.045558 0
0.149754 4
0.057663 0
0.146459 3
0.071221 0
0.205758 4
0.090174 0
0.202017 3
0.109561 0
0.281323 4
0.135891 0
0.275945 3
0.155957 0
0.371956 4
0.188804 0
0.373226 3
0.212761 0
0.483883 3
0.257473 0
0.491900 3
0.291778 0
0.624662 3
0.351209 0
0.629464 3
0.385379 0
0.808841 3
0.457779 0
0.830659 3
0.502102 0
1.030305 3
0.586689 0
1.032912 3
0.646204 0
1.281047 3
0.768884 0
1.308523 3
0.839759 0
1.634478 3
0.960961 0
1.595814 3
1.035075 0
1.940842 3
1.205344 0
2.021729 4
1.325664 0
2.476805 3
1.507630 0
2.834169 3
1.571115 0
2.884024 2
1.792043 0
3.272862 2
1.971452 0
3.622939 0
1.819943 0
4.590913 1
1.944980 0
0.051909 1
0.032568 0
0.063405 1
0.039753 0
0.091530 1
0.058083 0
0.097610 1
0.062238 0
0.142476 1
0.092312 0
0.148763 1
0.097989 0
0.217285 1
0.143399 0
0.213473 1
0.145090 0
0.302856 1
0.202413 0
0.289512 1
0.200621 0
0.409734 1
0.277850 0
0.394192 1
0.276862 0
0.560085 1
0.383882 0
0.529899 1
0.376472 0
0.722639 1
0.497779 0
0.696884 1
0.498106 0
0.925846 1
0.642055 0
0.885505 1
0.638657 0
1.201265 1
0.837706 0
1.178131 1
0.849092 0
1.515535 1
1.061226 0
1.442691 1
1.047028 0
1.875682 1
1.317510 0
1.840361 1
1.338568 0
2.405554 1
1.694743 0
2.203266 1
1.614792 0
2.808773 1
1.986373 0
2.694911 1
1.970008 0
3.659535 1
2.562294 0
4.186612 2
1.193648 0
0.059231 4
0.000911 0
0.085938 4
0.000911 0
0.105098 4
0.006379 0
0.148510 4
0.008961 0
0.157008 4
0.023743 0
0.222423 4
0.036450 0
0.224853 4
0.055240 0
0.327156 4
0.084869 0
0.302039 4
0.095477 0
0.444291 4
0.143099 0
0.391891 4
0.158301 0
0.582632 4
0.221755 0
0.516542 4
0.246028 0
0.777658 4
0.329350 0
0.674576 4
0.335486 0
0.991924 4
0.454932 0
0.873349 3
0.461102 0
1.251045 4
0.619755 0
1.083331 4
0.632109 0
1.601772 4
0.820076 0
1.444170 3
0.829214 0
2.000722 3
1.057064 0
1.735011 3
1.056059 0
2.457300 4
1.369764 0
2.199751 3
1.391064 0
3.128250 3
1.729092 0
2.577019 2
1.679197 0
3.617797 2
2.077732 0
3.175621 2
2.000615 0
4.832168 1
2.183061 0
0.002430 4
0.000000 0
0.002430 4
0.000000 0
0.017010 4
0.000000 0
0.023895 4
0.000000 0
0.063315 4
0.000000 0
0.094162 4
0.000000 0
0.144270 4
0.003037 0
0.207585 4
0.003037 0
0.227267 4
0.018731 0
0.318062 4
0.027338 0
0.323418 4
0.063534 0
0.460664 4
0.098719 0
0.455950 4
0.130683 0
0.672036 4
0.200123 0
0.588959 4
0.206231 0
0.867931 4
0.305670 0
0.761600 4
0.345223 0
1.142054 4
0.468006 0
1.011150 4
0.510626 0
1.528476 4
0.674475 0
1.307802 3
0.658393 0
1.888029 3
0.903434 0
1.581171 4
0.930809 0
2.406451 4
1.234987 0
2.124935 3
1.246252 0
3.079119 3
1.584570 0
2.473353 2
1.531793 0
3.562113 2
2.004505 0
3.162444 2
1.978507 0
4.821496 1
2.172529 0
0.000000 0
0.000000 0
0.000000 0
0.000000 0
0.000000 0
0.000000 0
0.000000 0
0.000000 0
0.000000 0
0.000000 0
0.000000 0
0.000000 0
0.008100 4
0.000000 0
0.008100 4
0.000000 0
0.049950 4
0.000000 0
0.072900 4
0.000000 0
0.169425 4
0.000000 0
0.253125 4
0.000000 0
0.338363 4
0.010125 0
0.479662 4
0.010125 0
0.467263 4
0.054000 0
0.648338 4
0.082687 0
0.660438 4
0.166781 0
0.953078 4
0.260156 0
0.913075 4
0.294938 0
1.365944 4
0.448594 0
1.124425 3
0.432656 0
1.646759 4
0.631289 0
1.491572 4
0.762398 0
2.275702 4
0.990586 0
1.975343 3
1.017598 0
2.970845 3
1.347996 0
2.268921 2
1.254674 0
3.418573 2
1.815861 0
3.131206 2
1.926773 0
4.793410 1
2.144813 0
0.000000 0
0.000000 0
0.000000 0
0.000000 0
0.000000 0
0.000000 0
0.000000 0
0.000000 0
0.000000 0
0.000000 0
0.000000 0
0.000000 0
0.000000 0
0.000000 0
0.000000 0
0.000000 0
0.000000 0
0.000000 0
0.000000 0
0.000000 0
0.000000 0
0.000000 0
0.000000 0
0.000000 0
0.027000 4
0.000000 0
0.027000 4
0.000000 0
0.144000 4
0.000000 0
0.220500 4
0.000000 0
0.444750 4
0.000000 0
0.660000 4
0.000000 0
0.752750 4
0.033750 0
1.044375 4
0.033750 0
0.906250 4
0.151875 0
1.254063 4
0.247500 0
1.372125 4
0.429375 0
2.021875 4
0.660937 0
1.774687 3
0.619688 0
2.694187 3
0.938906 0
2.012437 2
0.900469 0
3.035031 2
1.333359 0
3.066187 3
1.807266 0
4.719500 1
2.071875 0
0.000000 0
0.000000 0
0.000000 0
0.000000 0
0.000000 0
0.000000 0
0.000000 0
0.000000 0
0.000000 0
0.000000 0
0.000000 0
0.000000 0
0.000000 0
0.000000 0
0.000000 0
0.000000 0
0.000000 0
0.000000 0
0.000000 0
0.000000 0
0.000000 0
0.000000 0
0.000000 0
0.000000 0
0.000000 0
0.000000 0
0.000000 0
0.000000 0
0.000000 0
0.000000 0
0.000000 0
0.000000 0
0.000000 0
0.000000 0
0.000000 0
0.000000 0
0.090000 4
0.000000 0
0.090000 4
0.000000 0
0.405000 4
0.000000 0
0.660000 4
0.000000 0
1.145000 4
0.000000 0
1.650000 4
0.000000 0
1.540000 3
0.112500 0
2.091250 3
0.112500 0
1.670000 2
0.412500 0
2.327500 2
0.731250 0
2.991250 3
1.228125 0
4.525000 2
1.828125 0
0.000000 0
0.000000 0
0.000000 0
0.000000 0
0.000000 0
0.000000 0
0.000000 0
0.000000 0
0.000000 0
0.000000 0
0.000000 0
0.000000 0
0.000000 0
0.000000 0
0.000000 0
0.000000 0
0.000000 0
0.000000 0
0.000000 0
0.000000 0
0.000000 0
0.000000 0
0.000000 0
0.000000 0
0.000000 0
0.000000 0
0.000000 0
0.000000 0
0.000000 0
0.000000 0
0.000000 0
0.000000 0
0.000000 0
0.000000 0
0.000000 0
0.000000 0
0.000000 0
0.000000 0
0.000000 0
0.000000 0
0.000000 0
0.000000 0
0.000000 0
0.000000 0
0.000000 0
0.000000 0
0.000000 0
0.000000 0
0.300000 4
0.000000 0
0.300000 4
0.000000 0
1.100000 4
0.000000 0
1.950000 3
0.000000 0
2.900000 3
0.000000 0
3.875000 3
0.375000 0
0.000000 0
0.000000 0
